#area is 3930.286square degrees
#effective area is 2971.75669802069square degrees
#zmid zlow zhigh n(z) Nbin Vol_bin
0.8050000071525574 0.8 0.81 0.0005069799202786314 32693.0 64485788.67193051
0.8149999976158142 0.81 0.82 0.0005466406280376304 35716.0 65337258.462137826
0.824999988079071 0.82 0.83 0.0005704510784983015 37753.0 66180959.98588318
0.8349999785423279 0.83 0.84 0.0005800199970564048 38871.0 67016654.938226104
0.8450000286102295 0.84 0.85 0.0006130490518660054 41592.0 67844489.5614826
0.8550000190734863 0.85 0.86 0.0006056190366065541 41584.0 68663627.6049153
0.8650000095367432 0.86 0.87 0.0006221981953407246 43227.0 69474647.02357145
0.875 0.87 0.88 0.0006372018581614897 44781.0 70277572.83885838
0.8849999904632568 0.88 0.89 0.0006441351527750474 45780.0 71072041.01929808
0.8949999809265137 0.89 0.9 0.0006554827884724666 47102.0 71858484.8120364
0.9049999713897705 0.9 0.91 0.0006378881290672656 46334.0 72636561.00286835
0.9150000214576721 0.91 0.92 0.0006428800340341131 47191.0 73405608.35879982
0.925000011920929 0.92 0.93 0.0006429982462589212 47689.0 74166609.74965815
0.9350000023841858 0.93 0.94 0.0006421339455629456 48108.0 74918948.50353178
0.9449999928474426 0.94 0.95 0.0006301346169965316 47678.0 75663197.53587261
0.9549999833106995 0.95 0.96 0.0006142517575424037 46928.0 76398641.80080985
0.9650000333786011 0.96 0.97 0.0006117252033006504 47180.0 77126133.99845812
0.9750000238418579 0.97 0.98 0.0006170143699207037 48031.0 77844216.18279774
0.9850000143051147 0.98 0.99 0.0006139968308243133 48232.0 78554151.38747014
0.9950000047683716 0.99 1.0 0.0006095561862434897 48311.0 79256024.44907674
1.0049999952316284 1.0 1.01 0.0006155067444871165 49209.0 79948758.38607487
1.0149999856948853 1.01 1.02 0.0006197672007431935 49974.0 80633502.2893656
1.024999976158142 1.02 1.03 0.0006003956991654164 48818.0 81309709.69289045
1.034999966621399 1.03 1.04 0.0005868315471735612 48107.0 81977528.69917178
1.0449999570846558 1.04 1.05 0.0005654872464315748 46730.0 82636700.1110686
1.0549999475479126 1.05 1.06 0.0005662180022254989 47159.0 83287708.64692272
1.065000057220459 1.06 1.07 0.0005546089012708411 46549.0 83931216.92301865
1.0750000476837158 1.07 1.08 0.000546907459043537 46249.0 84564580.78096592
1.0850000381469727 1.08 1.09 0.0005461406352690574 46526.0 85190511.37273252
1.0950000286102295 1.09 1.1 0.0005337370315432788 45799.0 85808173.86339873
1.1050000190734863 1.1 1.11 0.0005202289099686476 44957.0 86417727.15535821
1.1150000095367432 1.11 1.12 0.0005156340029297352 44870.0 87019086.68756738
1.125 1.12 1.13 0.0005146895904601573 45093.0 87612030.31070569
1.1349999904632568 1.13 1.14 0.0005104018542995826 45016.0 88197171.73985356
1.1449999809265137 1.14 1.15 0.0005011812478741245 44492.0 88774271.16182628
1.1549999713897705 1.15 1.16 0.0005030488460226475 44944.0 89343212.6032083
1.1649999618530273 1.16 1.17 0.0004973296249377238 44712.0 89904155.63038073
1.1749999523162842 1.17 1.18 0.0004914807287856213 44458.0 90457259.8601157
1.184999942779541 1.18 1.19 0.0004835073227910379 44001.0 91003792.34383662
1.1950000524520874 1.19 1.2 0.0004897641275801056 44833.0 91539983.17826398
1.2050000429153442 1.2 1.21 0.0004759539516125258 43821.0 92069831.2337465
1.215000033378601 1.21 1.22 0.0004795469328179253 44402.0 92591562.91352734
1.225000023841858 1.22 1.23 0.00047210666730773166 43956.0 93106077.59612153
1.2350000143051147 1.23 1.24 0.00046267154613610477 43312.0 93612845.57416645
1.2450000047683716 1.24 1.25 0.00045634980628268926 42948.0 94112015.40731135
1.2549999952316284 1.25 1.26 0.00045175796305216336 42738.0 94603755.76172224
1.2649999856948853 1.26 1.27 0.0004502660597726748 42815.0 95088224.1082438
1.274999976158142 1.27 1.28 0.00044526700252926706 42552.0 95565132.28757186
1.284999966621399 1.28 1.29 0.0004446938055304184 42706.0 96034618.5822433
1.2949999570846558 1.29 1.3 0.00043316248982231634 41799.0 96497275.2307015
1.3049999475479126 1.3 1.31 0.0004270849493435152 41407.0 96952608.75769074
1.315000057220459 1.31 1.32 0.0004362763250771164 42494.0 97401572.2546685
1.3250000476837158 1.32 1.33 0.0004300519834637409 42077.0 97841660.12002046
1.3350000381469727 1.33 1.34 0.0004190756235535381 41185.0 98275818.69537802
1.3450000286102295 1.34 1.35 0.0004111727540712707 40584.0 98703038.0737858
1.3550000190734863 1.35 1.36 0.0004078347522622089 40426.0 99123480.22271761
1.3650000095367432 1.36 1.37 0.00040498549737518744 40311.0 99536897.64513963
1.375 1.37 1.38 0.00039298247550353113 39276.0 99943387.93269444
1.3849999904632568 1.38 1.39 0.00039919641562679984 40057.0 100344087.35134643
1.3949999809265137 1.39 1.4 0.0003867896937814259 38964.0 100736913.69351347
1.4049999713897705 1.4 1.41 0.00038865963997097364 39303.0 101124469.73638754
1.4149999618530273 1.41 1.42 0.0003764950332845433 38216.0 101504659.08302574
1.4249999523162842 1.42 1.43 0.00037746893105579474 38456.0 101878583.47026636
1.434999942779541 1.43 1.44 0.0003755685271254418 38401.0 102247651.83045775
1.4450000524520874 1.44 1.45 0.0003654787074348477 37501.0 102607892.70927675
1.4550000429153442 1.45 1.46 0.0003613138749427557 37202.0 102963109.30736898
1.465000033378601 1.46 1.47 0.00035339477842071795 36510.0 103312222.56072696
1.475000023841858 1.47 1.48 0.00035194508143373605 36481.0 103655376.7178264
1.4850000143051147 1.48 1.49 0.0003515857774349774 36562.0 103991692.34529632
1.4950000047683716 1.49 1.5 0.0003378359237435794 35244.0 104322831.06384662
1.5049999952316284 1.5 1.51 0.00025473908236555424 26658.0 104648253.23404984
1.5149999856948853 1.51 1.52 0.0002511365047149474 26361.0 104966818.86180213
1.524999976158142 1.52 1.53 0.00024860218645106417 26173.0 105280650.88096881
1.534999966621399 1.53 1.54 0.00024219505981769602 25573.0 105588446.0205307
1.5449999570846558 1.54 1.55 0.00024246874167708243 25675.0 105889937.90462987
1.5549999475479126 1.55 1.56 0.0002312532507799268 24556.0 106186615.39754452
1.565000057220459 1.56 1.57 0.00023180184226773728 24682.0 106478877.64192846
1.5750000476837158 1.57 1.58 0.00023045430014860595 24604.0 106763032.7754109
1.5850000381469727 1.58 1.59 0.00023045875342382944 24669.0 107043015.86944723
1.5950000286102295 1.59 1.6 0.0002265796071477738 24316.0 107317689.82254991
